{
  "advancedEditorSelectedIdentifier" : "ProjectBrowser",
  "openSceneRelativePaths" : [
    "Immersive.usda"
  ],
  "recentIdentifiers" : {
    "AF09ED6F-1707-48FD-8720-65B998362C09" : [

    ]
  },
  "sceneCameraHistory" : {
    "AF09ED6F-1707-48FD-8720-65B998362C09" : [
      {
        "date" : 731277087.659952,
        "title" : "Untitled",
        "transform" : [
          0.6544697,
          1.2160854e-08,
          0.7560883,
          0,
          -0.049263436,
          0.997875,
          0.042642478,
          0,
          -0.7544817,
          -0.065155715,
          0.65307903,
          0,
          -1.6116614,
          1.0512302,
          2.4702308,
          1
        ]
      },
      {
        "date" : 731277024.743063,
        "title" : "Untitled",
        "transform" : [
          0.9999964,
          -2.5601994e-12,
          -0.0026700383,
          0,
          -0.0019970008,
          0.6637782,
          -0.7479269,
          0,
          0.001772313,
          0.7479295,
          0.6637758,
          0,
          0.8173369,
          3.246937,
          1.6498078,
          1
        ]
      },
      {
        "date" : 731277015.579214,
        "title" : "Untitled",
        "transform" : [
          -0.56393045,
          0.032123134,
          -0.8251972,
          0,
          0.8005192,
          0.2667214,
          -0.5366829,
          0,
          0.20285785,
          -0.9632382,
          -0.17612752,
          0,
          1.605867,
          -3.0324073,
          -0.51258427,
          1
        ]
      },
      {
        "date" : 731277008.331739,
        "title" : "Untitled",
        "transform" : [
          -0.18679652,
          -9.0154795e-10,
          -0.9823986,
          0,
          0.7723531,
          0.61798334,
          -0.14685778,
          0,
          0.6071059,
          -0.78619117,
          -0.115437105,
          0,
          1.7750484,
          -2.7597377,
          -0.33699524,
          1
        ]
      },
      {
        "date" : 731276768.643958,
        "title" : "Untitled",
        "transform" : [
          0.9870948,
          -1.36547795e-08,
          -0.16013715,
          0,
          -0.06723917,
          0.9075773,
          -0.41446632,
          0,
          0.14533684,
          0.41988504,
          0.89586484,
          0,
          0.64273787,
          1.8442497,
          3.9650533,
          1
        ]
      },
      {
        "date" : 731276613.438943,
        "title" : "Untitled",
        "transform" : [
          0.9870948,
          -1.36547795e-08,
          -0.16013715,
          0,
          -0.06723917,
          0.9075773,
          -0.41446632,
          0,
          0.14533684,
          0.41988504,
          0.89586484,
          0,
          0.64273787,
          1.8442497,
          3.9650533,
          1
        ]
      },
      {
        "date" : 731276608.587731,
        "title" : "Untitled",
        "transform" : [
          0.9965958,
          -1.3749166e-08,
          -0.082442716,
          0,
          -0.035385385,
          0.9032038,
          -0.42775077,
          0,
          0.07446258,
          0.4292119,
          0.90012914,
          0,
          0.32906547,
          1.88553,
          3.9840317,
          1
        ]
      },
      {
        "date" : 731276593.858738,
        "title" : "Untitled",
        "transform" : [
          0.9965958,
          -1.3749166e-08,
          -0.082442716,
          0,
          -0.035385385,
          0.9032038,
          -0.42775077,
          0,
          0.07446258,
          0.4292119,
          0.90012914,
          0,
          0.010541296,
          0.0495154,
          0.13360189,
          1
        ]
      },
      {
        "date" : 731276496.948315,
        "title" : "Untitled",
        "transform" : [
          0.9965958,
          -3.0231857e-09,
          -0.08244271,
          0,
          -0.03538539,
          0.9032038,
          -0.42775077,
          0,
          0.07446257,
          0.4292119,
          0.90012914,
          0,
          0.19844007,
          0.8711357,
          1.7382623,
          1
        ]
      },
      {
        "date" : 731276447.272506,
        "title" : "Untitled",
        "transform" : [
          0.9965958,
          -1.385486e-09,
          -0.0824427,
          0,
          -0.035385385,
          0.9032038,
          -0.42775077,
          0,
          0.07446256,
          0.4292119,
          0.90012914,
          0,
          0.010541171,
          0.049515247,
          0.13360143,
          1
        ]
      }
    ]
  },
  "selectedSceneRelativePath" : "Immersive.usda"
}