{
  "advancedEditorSelectedIdentifier" : "ShaderGraphEditorPluginID",
  "openSceneRelativePaths" : [
    "Immersive.usda",
    "Scene_Jesse.usda"
  ],
  "recentIdentifiers" : {
    "80F4117B-87C6-48E6-AE30-B0259CB4A257" : [

    ],
    "AF09ED6F-1707-48FD-8720-65B998362C09" : [

    ]
  },
  "sceneCameraHistory" : {
    "80F4117B-87C6-48E6-AE30-B0259CB4A257" : [
      {
        "date" : 733070942.571846,
        "title" : "Untitled",
        "transform" : [
          0.92094827,
          -4.050449e-10,
          -0.38968477,
          0,
          -0.12476184,
          0.9473632,
          -0.29485166,
          0,
          0.369173,
          0.3201609,
          0.87247247,
          0,
          0.9031355,
          0.6572356,
          1.4526446,
          1
        ]
      },
      {
        "date" : 733068651.096662,
        "title" : "Untitled",
        "transform" : [
          0.92094827,
          -4.050449e-10,
          -0.38968477,
          0,
          -0.12476184,
          0.9473632,
          -0.29485166,
          0,
          0.369173,
          0.3201609,
          0.87247247,
          0,
          0.8845579,
          0.70405173,
          1.443326,
          1
        ]
      },
      {
        "date" : 733067733.494318,
        "title" : "Untitled",
        "transform" : [
          0.9209484,
          -6.4561565e-09,
          -0.38968486,
          0,
          -0.12476184,
          0.94736326,
          -0.29485163,
          0,
          0.369173,
          0.3201609,
          0.87247247,
          0,
          0.8845579,
          0.70405173,
          1.443326,
          1
        ]
      },
      {
        "date" : 733067706.937653,
        "title" : "Untitled",
        "transform" : [
          0.7054217,
          -6.797557e-09,
          -0.708788,
          0,
          -0.2038807,
          0.9577366,
          -0.20291239,
          0,
          0.67883205,
          0.28764695,
          0.67560804,
          0,
          1.3699857,
          0.38984668,
          1.1383798,
          1
        ]
      },
      {
        "date" : 733067441.723905,
        "title" : "Untitled",
        "transform" : [
          0.9558147,
          -7.030983e-08,
          -0.2939696,
          0,
          -0.09686121,
          0.94415754,
          -0.31493545,
          0,
          0.27755368,
          0.3294942,
          0.9024398,
          0,
          0.7334461,
          0.698291,
          1.51631,
          1
        ]
      },
      {
        "date" : 733067284.492355,
        "title" : "Untitled",
        "transform" : [
          0.9558147,
          -7.030983e-08,
          -0.2939696,
          0,
          -0.09686121,
          0.94415754,
          -0.31493545,
          0,
          0.27755368,
          0.3294942,
          0.9024398,
          0,
          0.5163376,
          0.23830146,
          1.7510326,
          1
        ]
      },
      {
        "date" : 733066335.471921,
        "title" : "Untitled",
        "transform" : [
          0.9558148,
          -7.3393004e-08,
          -0.29396963,
          0,
          -0.096861206,
          0.94415754,
          -0.31493542,
          0,
          0.27755368,
          0.32949418,
          0.9024398,
          0,
          0.3687742,
          0.79326695,
          1.2211657,
          1
        ]
      },
      {
        "date" : 733066331.822073,
        "title" : "Untitled",
        "transform" : [
          0.9558148,
          -7.3393004e-08,
          -0.29396963,
          0,
          -0.096861206,
          0.94415754,
          -0.31493542,
          0,
          0.27755368,
          0.32949418,
          0.9024398,
          0,
          1.2029802,
          2.58772,
          3.9835703,
          1
        ]
      },
      {
        "date" : 733066266.890456,
        "title" : "Untitled",
        "transform" : [
          0.9558148,
          -7.3393004e-08,
          -0.29396963,
          0,
          -0.096861206,
          0.94415754,
          -0.31493542,
          0,
          0.27755368,
          0.32949418,
          0.9024398,
          0,
          0.5787218,
          0.15370536,
          1.5047147,
          1
        ]
      },
      {
        "date" : 733064992.225127,
        "title" : "Untitled",
        "transform" : [
          0.95581484,
          -7.765015e-08,
          -0.29396963,
          0,
          -0.09686118,
          0.9441576,
          -0.31493542,
          0,
          0.2775537,
          0.3294941,
          0.9024397,
          0,
          -0.052202854,
          0.7511604,
          1.0965999,
          1
        ]
      }
    ],
    "6996E329-6939-4743-83C7-422710CE7C20" : [
      {
        "date" : 732819212.695411,
        "title" : "Untitled",
        "transform" : [
          0.99999994,
          0,
          -0,
          0,
          -0,
          0.8660254,
          -0.49999994,
          0,
          0,
          0.49999994,
          0.8660254,
          0,
          0,
          0.17579556,
          0.3044869,
          1
        ]
      }
    ],
    "AF09ED6F-1707-48FD-8720-65B998362C09" : [
      {
        "date" : 733070918.838524,
        "title" : "Untitled",
        "transform" : [
          0.99323267,
          4.5069988e-09,
          0.116142265,
          0,
          0.11607152,
          0.03489966,
          -0.9926276,
          0,
          -0.0040533273,
          0.99939084,
          0.03466343,
          0,
          0.013084838,
          2.6664877,
          0.082359165,
          1
        ]
      },
      {
        "date" : 733070342.82643,
        "title" : "Untitled",
        "transform" : [
          0.99323267,
          4.506999e-09,
          0.116142265,
          0,
          0.11607152,
          0.03489948,
          -0.9926276,
          0,
          -0.0040533063,
          0.99939084,
          0.034663253,
          0,
          0.000784412,
          0.15985036,
          0.0049372315,
          1
        ]
      },
      {
        "date" : 732983260.482252,
        "title" : "Untitled",
        "transform" : [
          0.99323255,
          -3.3110144e-09,
          0.11614226,
          0,
          0.1160715,
          0.03489961,
          -0.99262756,
          0,
          -0.004053285,
          0.99939084,
          0.0346634,
          0,
          -0.15199943,
          2.3290575,
          0.36344287,
          1
        ]
      },
      {
        "date" : 732977163.074408,
        "title" : "Untitled",
        "transform" : [
          0.97878534,
          -1.1805277e-09,
          -0.20488869,
          0,
          -0.04430094,
          0.97634476,
          -0.21163252,
          0,
          0.20004201,
          0.21621956,
          0.95563185,
          0,
          0.37497932,
          0.21604371,
          2.3221583,
          1
        ]
      },
      {
        "date" : 732977155.86591,
        "title" : "Untitled",
        "transform" : [
          0.97878534,
          -1.1805277e-09,
          -0.20488869,
          0,
          -0.04430094,
          0.97634476,
          -0.21163252,
          0,
          0.20004201,
          0.21621956,
          0.95563185,
          0,
          0.22548564,
          0.9922538,
          2.1778276,
          1
        ]
      },
      {
        "date" : 732977147.981439,
        "title" : "Untitled",
        "transform" : [
          0.97878534,
          -1.1805277e-09,
          -0.20488869,
          0,
          -0.04430094,
          0.97634476,
          -0.21163252,
          0,
          0.20004201,
          0.21621956,
          0.95563185,
          0,
          0.049286887,
          0.7950351,
          0.3557809,
          1
        ]
      },
      {
        "date" : 732977106.04882,
        "title" : "Untitled",
        "transform" : [
          0.97878534,
          -1.1805277e-09,
          -0.20488869,
          0,
          -0.04430094,
          0.97634476,
          -0.21163252,
          0,
          0.20004201,
          0.21621956,
          0.95563185,
          0,
          0.11367267,
          0.5749664,
          0.39209485,
          1
        ]
      },
      {
        "date" : 732977103.47298,
        "title" : "Untitled",
        "transform" : [
          0.97878534,
          -1.1805277e-09,
          -0.20488869,
          0,
          -0.04430094,
          0.97634476,
          -0.21163252,
          0,
          0.20004201,
          0.21621956,
          0.95563185,
          0,
          0.11406356,
          0.5663504,
          0.39396238,
          1
        ]
      },
      {
        "date" : 732977046.880913,
        "title" : "Untitled",
        "transform" : [
          0.97878534,
          -1.1805277e-09,
          -0.20488869,
          0,
          -0.04430094,
          0.97634476,
          -0.21163252,
          0,
          0.20004201,
          0.21621956,
          0.95563185,
          0,
          0.02118575,
          0.76972955,
          0.3673881,
          1
        ]
      },
      {
        "date" : 732976952.438475,
        "title" : "Untitled",
        "transform" : [
          0.98056024,
          -1.1805277e-09,
          -0.19621843,
          0,
          -0.042426262,
          0.97634476,
          -0.2120163,
          0,
          0.19157684,
          0.21621956,
          0.9573648,
          0,
          0.40986222,
          0.34906352,
          1.4535891,
          1
        ]
      }
    ]
  },
  "selectedSceneRelativePath" : "Immersive.usda"
}