{
  "advancedEditorSelectedIdentifier" : "ProjectBrowser",
  "openSceneRelativePaths" : [
    "Immersive.usda",
    "Scene_Gage_DarkFit.usda",
    "Scene_Dean_LightFit.usda",
    "Scene_Gage_LightFit.usda",
    "Scene_Jesse_DarkFit.usda",
    "Scene_Jesse_LightFit.usda",
    "Scene_Dean_DarkFit.usda",
    "Scene_Kai_Darkfit.usda",
    "Scene_Kai_LightFit.usda"
  ],
  "recentIdentifiers" : {
    "3B2EEA46-DD04-45A1-B64A-669043704DB0" : [

    ],
    "4CCF4694-267F-4A67-8792-003EC3F8F6AE" : [

    ],
    "8EFB6CA0-0537-438D-A81E-BE1054ADE312" : [

    ],
    "49BC533D-554E-4FFC-A526-67591F0387B8" : [

    ],
    "70AC65FA-B4FB-4274-A230-5B35A57DD7F0" : [

    ],
    "80F4117B-87C6-48E6-AE30-B0259CB4A257" : [

    ],
    "354EE62D-1390-409E-98B3-6E9F5AFD5CC2" : [

    ],
    "431C79BC-67DC-4524-9D62-5A6EAC24FF4B" : [

    ],
    "34756391-5CA3-419F-BBA8-85224330CCB4" : [

    ],
    "82157220-2411-4DC8-A626-BA61032C41F0" : [

    ],
    "AF09ED6F-1707-48FD-8720-65B998362C09" : [

    ],
    "CA475F4D-4C66-4225-A68D-71454D988F66" : [

    ]
  },
  "sceneCameraHistory" : {
    "3B2EEA46-DD04-45A1-B64A-669043704DB0" : [
      {
        "date" : 737898547.757397,
        "title" : "Untitled",
        "transform" : [
          0.99999994,
          0,
          0,
          0,
          0,
          0.8660254,
          -0.49999988,
          0,
          0,
          0.49999988,
          0.8660254,
          0,
          -0.013302773,
          1.3768233,
          2.3581367,
          1
        ]
      },
      {
        "date" : 736197504.37096,
        "title" : "Untitled",
        "transform" : [
          0.99999994,
          0,
          0,
          0,
          0,
          0.8660254,
          -0.49999988,
          0,
          0,
          0.49999988,
          0.8660254,
          0,
          0,
          1.3653086,
          2.3647847,
          1
        ]
      },
      {
        "date" : 736197502.571119,
        "title" : "Untitled",
        "transform" : [
          0.99999994,
          0,
          0,
          0,
          0,
          0.8660254,
          -0.49999988,
          0,
          0,
          0.49999988,
          0.8660254,
          0,
          0,
          2.4846048,
          4.303463,
          1
        ]
      },
      {
        "date" : 736197458.614521,
        "title" : "Untitled",
        "transform" : [
          0.99999994,
          0,
          -0,
          0,
          -0,
          0.8660254,
          -0.49999988,
          0,
          0,
          0.49999988,
          0.8660254,
          0,
          0,
          0.22799638,
          0.39490137,
          1
        ]
      }
    ],
    "4CCF4694-267F-4A67-8792-003EC3F8F6AE" : [
      {
        "date" : 738287728.743889,
        "title" : "Untitled",
        "transform" : [
          0.9749819,
          1.3294859e-09,
          -0.2222846,
          0,
          -0.05867879,
          0.9645281,
          -0.25737616,
          0,
          0.21439976,
          0.26398045,
          0.9403973,
          0,
          0.25399023,
          0.81873715,
          0.5706598,
          1
        ]
      },
      {
        "date" : 737943146.834904,
        "title" : "Untitled",
        "transform" : [
          0.9749819,
          1.3294859e-09,
          -0.2222846,
          0,
          -0.05867879,
          0.9645281,
          -0.25737616,
          0,
          0.21439976,
          0.26398045,
          0.9403973,
          0,
          0.2312864,
          0.7307222,
          0.60054255,
          1
        ]
      },
      {
        "date" : 737943144.135698,
        "title" : "Untitled",
        "transform" : [
          0.9749819,
          1.3294859e-09,
          -0.2222846,
          0,
          -0.058678783,
          0.96452796,
          -0.25737613,
          0,
          0.21439976,
          0.26398045,
          0.9403973,
          0,
          0.16964516,
          0.67345476,
          0.63067186,
          1
        ]
      },
      {
        "date" : 737943101.669306,
        "title" : "Untitled",
        "transform" : [
          0.96163917,
          8.777472e-10,
          -0.27431765,
          0,
          -0.08491583,
          0.9508822,
          -0.2976782,
          0,
          0.26084378,
          0.30955294,
          0.9144056,
          0,
          0.4977389,
          0.70988655,
          1.4096429,
          1
        ]
      },
      {
        "date" : 737943025.350479,
        "title" : "Untitled",
        "transform" : [
          0.96163917,
          8.777472e-10,
          -0.27431765,
          0,
          -0.08491583,
          0.9508822,
          -0.2976782,
          0,
          0.26084378,
          0.30955294,
          0.9144056,
          0,
          0.50290215,
          0.13875446,
          1.601515,
          1
        ]
      },
      {
        "date" : 737943004.182976,
        "title" : "Untitled",
        "transform" : [
          0.96163917,
          1.0747099e-09,
          -0.27431765,
          0,
          -0.08491585,
          0.9508822,
          -0.2976782,
          0,
          0.26084378,
          0.30955288,
          0.9144056,
          0,
          0.07441045,
          0.602944,
          0.37166935,
          1
        ]
      },
      {
        "date" : 737942999.819376,
        "title" : "Untitled",
        "transform" : [
          0.96163917,
          1.0747099e-09,
          -0.27431765,
          0,
          -0.08491585,
          0.9508822,
          -0.2976782,
          0,
          0.26084378,
          0.30955288,
          0.9144056,
          0,
          -0.61679447,
          -0.32209104,
          0.88199407,
          1
        ]
      },
      {
        "date" : 737942974.200637,
        "title" : "Untitled",
        "transform" : [
          0.9787922,
          1.0747099e-09,
          -0.20485577,
          0,
          -0.06341371,
          0.9508822,
          -0.302988,
          0,
          0.19479372,
          0.30955288,
          0.9307161,
          0,
          0.6986979,
          0.73747426,
          1.5671846,
          1
        ]
      },
      {
        "date" : 737922292.052204,
        "title" : "Untitled",
        "transform" : [
          0.9787922,
          1.0747099e-09,
          -0.20485577,
          0,
          -0.06341371,
          0.9508822,
          -0.302988,
          0,
          0.19479372,
          0.30955288,
          0.9307161,
          0,
          -0.12215556,
          0.7475595,
          1.7356303,
          1
        ]
      },
      {
        "date" : 737921078.653679,
        "title" : "Untitled",
        "transform" : [
          0.9787922,
          1.0747099e-09,
          -0.20485577,
          0,
          -0.06341371,
          0.9508822,
          -0.302988,
          0,
          0.19479372,
          0.30955288,
          0.9307161,
          0,
          -0.11921231,
          0.72954756,
          1.6938114,
          1
        ]
      }
    ],
    "8EFB6CA0-0537-438D-A81E-BE1054ADE312" : [
      {
        "date" : 737509623.076766,
        "title" : "Untitled",
        "transform" : [
          0.99999106,
          1.1559678e-10,
          -0.0042266715,
          0,
          -0.0021133355,
          0.86602545,
          -0.49999544,
          0,
          0.003660405,
          0.4999999,
          0.8660177,
          0,
          0.00021072401,
          0.03832633,
          0.050280023,
          1
        ]
      },
      {
        "date" : 737509577.21443,
        "title" : "Untitled",
        "transform" : [
          0.999991,
          0,
          -0.0042266715,
          0,
          -0.0021133358,
          0.8660254,
          -0.49999547,
          0,
          0.0036604053,
          0.49999994,
          0.86601764,
          0,
          0.007951123,
          1.0860984,
          1.8811612,
          1
        ]
      },
      {
        "date" : 737509536.029667,
        "title" : "Untitled",
        "transform" : [
          0.99999994,
          0,
          -0,
          0,
          -0,
          0.8660254,
          -0.49999994,
          0,
          0,
          0.49999994,
          0.8660254,
          0,
          0,
          0.19494313,
          0.33765146,
          1
        ]
      }
    ],
    "49BC533D-554E-4FFC-A526-67591F0387B8" : [
      {
        "date" : 734705021.863833,
        "title" : "Untitled",
        "transform" : [
          0.996662,
          -4.4273037e-11,
          -0.08163851,
          0,
          -0.075945936,
          0.3668729,
          -0.9271658,
          0,
          0.029950958,
          0.93027115,
          0.3656482,
          0,
          0.33422145,
          7.692422,
          2.7921107,
          1
        ]
      },
      {
        "date" : 734705020.190369,
        "title" : "Untitled",
        "transform" : [
          0.996662,
          -4.4273037e-11,
          -0.08163851,
          0,
          -0.075945936,
          0.3668729,
          -0.9271658,
          0,
          0.029950958,
          0.93027115,
          0.3656482,
          0,
          0.23430213,
          7.6924257,
          2.8002865,
          1
        ]
      },
      {
        "date" : 734705014.159194,
        "title" : "Untitled",
        "transform" : [
          0.9966619,
          -4.427303e-11,
          -0.0816385,
          0,
          -0.075945936,
          0.3668729,
          -0.9271658,
          0,
          0.029950954,
          0.930271,
          0.36564818,
          0,
          -0.022324666,
          2.5018377,
          -0.735433,
          1
        ]
      },
      {
        "date" : 734705012.539002,
        "title" : "Untitled",
        "transform" : [
          0.99713963,
          1.2421992e-09,
          -0.075580925,
          0,
          -0.03779046,
          0.86602545,
          -0.49856973,
          0,
          0.06545501,
          0.4999999,
          0.8635483,
          0,
          0.07315862,
          1.3446803,
          0.6036011,
          1
        ]
      },
      {
        "date" : 734705007.582903,
        "title" : "Untitled",
        "transform" : [
          0.99713963,
          1.2421992e-09,
          -0.075580925,
          0,
          -0.03779046,
          0.86602545,
          -0.49856973,
          0,
          0.06545501,
          0.4999999,
          0.8635483,
          0,
          0.03376895,
          0.48682004,
          1.1032933,
          1
        ]
      },
      {
        "date" : 734704698.935393,
        "title" : "Untitled",
        "transform" : [
          0.9984765,
          1.2421992e-09,
          -0.05517826,
          0,
          -0.027589126,
          0.86602545,
          -0.49923816,
          0,
          0.047785778,
          0.4999999,
          0.86470604,
          0,
          0.0012151301,
          0.052794933,
          0.11970043,
          1
        ]
      },
      {
        "date" : 734704690.875024,
        "title" : "Untitled",
        "transform" : [
          0.99847645,
          0,
          -0.05517826,
          0,
          -0.027589127,
          0.8660254,
          -0.4992382,
          0,
          0.047785778,
          0.49999994,
          0.864706,
          0,
          0.46477574,
          4.386769,
          8.410334,
          1
        ]
      },
      {
        "date" : 734704687.835299,
        "title" : "Untitled",
        "transform" : [
          0.99999994,
          0,
          0,
          0,
          0,
          0.8660254,
          -0.49999994,
          0,
          0,
          0.49999994,
          0.8660254,
          0,
          4.2681168e-07,
          17.963455,
          34.49217,
          1
        ]
      },
      {
        "date" : 734704650.399262,
        "title" : "Untitled",
        "transform" : [
          0.99999994,
          0,
          -0,
          0,
          -0,
          0.8660254,
          -0.49999994,
          0,
          0,
          0.49999994,
          0.8660254,
          0,
          1.862645e-09,
          0.07839415,
          0.15052696,
          1
        ]
      },
      {
        "date" : 734704638.114535,
        "title" : "Untitled",
        "transform" : [
          0.99999994,
          0,
          -0,
          0,
          -0,
          0.8660254,
          -0.49999994,
          0,
          0,
          0.49999994,
          0.8660254,
          0,
          0,
          0.07839584,
          0.15052795,
          1
        ]
      }
    ],
    "70AC65FA-B4FB-4274-A230-5B35A57DD7F0" : [
      {
        "date" : 738867159.842345,
        "title" : "Untitled",
        "transform" : [
          0.99999994,
          0,
          0,
          0,
          0,
          0.8660254,
          -0.49999994,
          0,
          0,
          0.49999994,
          0.8660254,
          0,
          0.14030209,
          0.99908197,
          1.3308141,
          1
        ]
      },
      {
        "date" : 738867152.984922,
        "title" : "Untitled",
        "transform" : [
          0.99999994,
          0,
          0,
          0,
          0,
          0.8660254,
          -0.49999994,
          0,
          0,
          0.49999994,
          0.8660254,
          0,
          0,
          0.8260298,
          1.4307256,
          1
        ]
      },
      {
        "date" : 738867135.798483,
        "title" : "Untitled",
        "transform" : [
          0.99999994,
          0,
          -0,
          0,
          -0,
          0.8660254,
          -0.49999994,
          0,
          0,
          0.49999994,
          0.8660254,
          0,
          0,
          0.20873435,
          0.36153856,
          1
        ]
      }
    ],
    "80F4117B-87C6-48E6-AE30-B0259CB4A257" : [
      {
        "date" : 736274961.758759,
        "title" : "Untitled",
        "transform" : [
          0.9988871,
          3.8298542e-10,
          0.04716378,
          0,
          0.017736634,
          0.9265933,
          -0.37564623,
          0,
          -0.043701645,
          0.37606472,
          0.9255622,
          0,
          -0.092539385,
          0.67432994,
          2.0826247,
          1
        ]
      },
      {
        "date" : 736274914.204393,
        "title" : "Untitled",
        "transform" : [
          0.9988871,
          3.8298542e-10,
          0.04716378,
          0,
          0.017736634,
          0.9265933,
          -0.37564623,
          0,
          -0.043701645,
          0.37606472,
          0.9255622,
          0,
          -0.005990945,
          0.043655723,
          0.13482785,
          1
        ]
      },
      {
        "date" : 736187351.532081,
        "title" : "Untitled",
        "transform" : [
          0.9988871,
          1.6515933e-10,
          0.047163785,
          0,
          0.017736636,
          0.9265933,
          -0.37564623,
          0,
          -0.04370165,
          0.37606472,
          0.9255622,
          0,
          -0.11522875,
          0.48859593,
          2.4678323,
          1
        ]
      },
      {
        "date" : 736186113.598798,
        "title" : "Untitled",
        "transform" : [
          0.9988871,
          1.6515933e-10,
          0.047163785,
          0,
          0.017736636,
          0.9265933,
          -0.37564623,
          0,
          -0.04370165,
          0.37606472,
          0.9255622,
          0,
          -0.07863094,
          0.3334129,
          1.6840237,
          1
        ]
      },
      {
        "date" : 736186111.471028,
        "title" : "Untitled",
        "transform" : [
          0.9988871,
          -5.266676e-11,
          0.04716379,
          0,
          0.017736638,
          0.9265933,
          -0.37564623,
          0,
          -0.043701652,
          0.37606472,
          0.9255622,
          0,
          -0.078630984,
          0.3334129,
          1.6840237,
          1
        ]
      },
      {
        "date" : 736185997.814875,
        "title" : "Untitled",
        "transform" : [
          0.9988871,
          -2.7049285e-10,
          0.047163792,
          0,
          0.01773664,
          0.9265933,
          -0.37564623,
          0,
          -0.043701656,
          0.37606472,
          0.9255622,
          0,
          -0.08014096,
          0.2875418,
          1.5779889,
          1
        ]
      },
      {
        "date" : 734452940.771274,
        "title" : "Untitled",
        "transform" : [
          0.9988871,
          6.843569e-10,
          0.047163796,
          0,
          0.01773664,
          0.9265934,
          -0.37564626,
          0,
          -0.04370166,
          0.3760647,
          0.9255622,
          0,
          -0.07919253,
          0.6037472,
          1.8577758,
          1
        ]
      },
      {
        "date" : 734452938.480305,
        "title" : "Untitled",
        "transform" : [
          0.9988871,
          6.843569e-10,
          0.047163796,
          0,
          0.01773664,
          0.9265934,
          -0.37564626,
          0,
          -0.04370166,
          0.3760647,
          0.9255622,
          0,
          -0.14835823,
          1.131052,
          3.4803326,
          1
        ]
      },
      {
        "date" : 734452931.365721,
        "title" : "Untitled",
        "transform" : [
          0.9988871,
          6.843569e-10,
          0.047163796,
          0,
          0.01773664,
          0.9265934,
          -0.37564626,
          0,
          -0.04370166,
          0.3760647,
          0.9255622,
          0,
          -0.005558677,
          0.042378187,
          0.1304009,
          1
        ]
      },
      {
        "date" : 733686339.419307,
        "title" : "Untitled",
        "transform" : [
          0.9988872,
          7.7901435e-11,
          0.047163796,
          0,
          0.017736636,
          0.9265934,
          -0.37564623,
          0,
          -0.04370166,
          0.37606466,
          0.92556226,
          0,
          -0.113025606,
          0.9726162,
          2.3937817,
          1
        ]
      }
    ],
    "354EE62D-1390-409E-98B3-6E9F5AFD5CC2" : [
      {
        "date" : 737510893.643988,
        "title" : "Untitled",
        "transform" : [
          0.99998796,
          0,
          0.0048980513,
          0,
          0.0024490256,
          0.8660254,
          -0.49999395,
          0,
          -0.004241837,
          0.49999994,
          0.866015,
          0,
          -0.014942771,
          1.7613497,
          3.0504105,
          1
        ]
      },
      {
        "date" : 737509886.6344,
        "title" : "Untitled",
        "transform" : [
          0.99999994,
          0,
          -0,
          0,
          -0,
          0.8660254,
          -0.49999994,
          0,
          0,
          0.49999994,
          0.8660254,
          0,
          0,
          0.20858948,
          0.36128765,
          1
        ]
      }
    ],
    "431C79BC-67DC-4524-9D62-5A6EAC24FF4B" : [
      {
        "date" : 738287397.661638,
        "title" : "Untitled",
        "transform" : [
          0.9999669,
          2.1510715e-10,
          0.008143404,
          0,
          0.0025071136,
          0.95142823,
          -0.30786034,
          0,
          -0.0077478644,
          0.30787057,
          0.95139676,
          0,
          0.10493401,
          0.6618666,
          1.5539019,
          1
        ]
      },
      {
        "date" : 737918292.398828,
        "title" : "Untitled",
        "transform" : [
          0.9999669,
          2.1510715e-10,
          0.008143404,
          0,
          0.0025071136,
          0.95142823,
          -0.30786034,
          0,
          -0.0077478644,
          0.30787057,
          0.95139676,
          0,
          0.03260249,
          0.7345018,
          1.529808,
          1
        ]
      },
      {
        "date" : 737918185.8227,
        "title" : "Untitled",
        "transform" : [
          0.9999669,
          2.1510715e-10,
          0.008143404,
          0,
          0.0025071136,
          0.95142823,
          -0.30786034,
          0,
          -0.0077478644,
          0.30787057,
          0.95139676,
          0,
          0.31632042,
          0.6814514,
          1.5492858,
          1
        ]
      },
      {
        "date" : 737908959.143379,
        "title" : "Untitled",
        "transform" : [
          0.9999669,
          2.1510715e-10,
          0.008143404,
          0,
          0.0025071136,
          0.95142823,
          -0.30786034,
          0,
          -0.0077478644,
          0.30787057,
          0.95139676,
          0,
          0.11912872,
          0.8695421,
          1.4868138,
          1
        ]
      },
      {
        "date" : 737908886.660825,
        "title" : "Untitled",
        "transform" : [
          0.9999669,
          2.1510715e-10,
          0.008143404,
          0,
          0.0025071136,
          0.95142823,
          -0.30786034,
          0,
          -0.0077478644,
          0.30787057,
          0.95139676,
          0,
          -0.1382988,
          0.21066356,
          1.6979293,
          1
        ]
      },
      {
        "date" : 737908876.187901,
        "title" : "Untitled",
        "transform" : [
          0.9999669,
          2.1510715e-10,
          0.008143404,
          0,
          0.0025071136,
          0.95142823,
          -0.30786034,
          0,
          -0.0077478644,
          0.30787057,
          0.95139676,
          0,
          -0.17753066,
          0.16492319,
          1.7124113,
          1
        ]
      },
      {
        "date" : 737908874.055037,
        "title" : "Untitled",
        "transform" : [
          0.9999669,
          2.1510715e-10,
          0.008143404,
          0,
          0.0025071136,
          0.95142823,
          -0.30786034,
          0,
          -0.0077478644,
          0.30787057,
          0.95139676,
          0,
          -0.21199825,
          0.18889785,
          1.7043724,
          1
        ]
      },
      {
        "date" : 737906815.445863,
        "title" : "Untitled",
        "transform" : [
          0.9999669,
          2.1510715e-10,
          0.008143404,
          0,
          0.0025071136,
          0.95142823,
          -0.30786034,
          0,
          -0.0077478644,
          0.30787057,
          0.95139676,
          0,
          -0.08120186,
          0.74787426,
          1.5245535,
          1
        ]
      },
      {
        "date" : 737902062.049558,
        "title" : "Untitled",
        "transform" : [
          0.99995166,
          2.1510715e-10,
          0.00983706,
          0,
          0.0030285409,
          0.95142823,
          -0.30785567,
          0,
          -0.009359257,
          0.30787057,
          0.9513823,
          0,
          -0.0041702236,
          0.70658255,
          2.0843031,
          1
        ]
      },
      {
        "date" : 737512417.678591,
        "title" : "Untitled",
        "transform" : [
          0.99999994,
          0,
          -0,
          0,
          -0,
          0.8660254,
          -0.49999994,
          0,
          0,
          0.49999994,
          0.8660254,
          0,
          -0.0041702236,
          0.70658255,
          2.0843031,
          1
        ]
      }
    ],
    "709ED315-4C07-43EB-80E8-DCB6CD73C927" : [
      {
        "date" : 737508220.806455,
        "title" : "Untitled",
        "transform" : [
          0.99999994,
          0,
          0,
          0,
          0,
          0.8660254,
          -0.49999994,
          0,
          0,
          0.49999994,
          0.8660254,
          0,
          0.087911084,
          0.22825104,
          0.1832088,
          1
        ]
      },
      {
        "date" : 737508216.519499,
        "title" : "Untitled",
        "transform" : [
          0.99999994,
          0,
          0,
          0,
          0,
          0.8660254,
          -0.49999994,
          0,
          0,
          0.49999994,
          0.8660254,
          0,
          0.49224234,
          0.22465418,
          0.18528531,
          1
        ]
      },
      {
        "date" : 737508206.99068,
        "title" : "Untitled",
        "transform" : [
          0.99999994,
          0,
          0,
          0,
          0,
          0.8660254,
          -0.49999994,
          0,
          0,
          0.49999994,
          0.8660254,
          0,
          0.95334697,
          0.20649822,
          0.19576769,
          1
        ]
      },
      {
        "date" : 737508197.618942,
        "title" : "Untitled",
        "transform" : [
          0.99999994,
          0,
          -0,
          0,
          -0,
          0.8660254,
          -0.49999994,
          0,
          0,
          0.49999994,
          0.8660254,
          0,
          -0.00015900377,
          0.017627707,
          0.012927945,
          1
        ]
      },
      {
        "date" : 737508191.740181,
        "title" : "Untitled",
        "transform" : [
          0.99999994,
          0,
          -0,
          0,
          -0,
          0.8660254,
          -0.49999994,
          0,
          0,
          0.49999994,
          0.8660254,
          0,
          -1.5900478e-05,
          0.0017627712,
          0.001292795,
          1
        ]
      },
      {
        "date" : 737508186.16514,
        "title" : "Untitled",
        "transform" : [
          0.99999994,
          0,
          -0,
          0,
          -0,
          0.8660254,
          -0.49999994,
          0,
          0,
          0.49999994,
          0.8660254,
          0,
          -1.5988946e-05,
          0.001762867,
          0.0012927055,
          1
        ]
      },
      {
        "date" : 737498005.495084,
        "title" : "Untitled",
        "transform" : [
          0.99999994,
          0,
          0,
          0,
          0,
          0.8660254,
          -0.49999994,
          0,
          0,
          0.49999994,
          0.8660254,
          0,
          -0.15921724,
          2.4771914,
          2.4077137,
          1
        ]
      },
      {
        "date" : 737498002.653823,
        "title" : "Untitled",
        "transform" : [
          0.99999994,
          0,
          0,
          0,
          0,
          0.8660254,
          -0.49999994,
          0,
          0,
          0.49999994,
          0.8660254,
          0,
          0,
          1.6618685,
          2.8784406,
          1
        ]
      },
      {
        "date" : 737497975.911882,
        "title" : "Untitled",
        "transform" : [
          0.99999994,
          0,
          -0,
          0,
          -0,
          0.8660254,
          -0.49999994,
          0,
          0,
          0.49999994,
          0.8660254,
          0,
          0,
          0.1883445,
          0.32622224,
          1
        ]
      }
    ],
    "6996E329-6939-4743-83C7-422710CE7C20" : [
      {
        "date" : 732819212.695411,
        "title" : "Untitled",
        "transform" : [
          0.99999994,
          0,
          -0,
          0,
          -0,
          0.8660254,
          -0.49999994,
          0,
          0,
          0.49999994,
          0.8660254,
          0,
          0,
          0.17579556,
          0.3044869,
          1
        ]
      }
    ],
    "9469CE94-28B8-424A-A426-C1588CB1E0F5" : [
      {
        "date" : 738867216.38842,
        "title" : "Untitled",
        "transform" : [
          0.9999464,
          0,
          -0.010345274,
          0,
          -0.005172637,
          0.8660254,
          -0.49997318,
          0,
          0.00895927,
          0.49999994,
          0.865979,
          0,
          0.14269128,
          1.1447502,
          1.7649894,
          1
        ]
      },
      {
        "date" : 738867208.603993,
        "title" : "Untitled",
        "transform" : [
          0.9999464,
          0,
          -0.010345274,
          0,
          -0.005172637,
          0.8660254,
          -0.49997318,
          0,
          0.00895927,
          0.49999994,
          0.865979,
          0,
          0.01883326,
          1.0510486,
          1.8203722,
          1
        ]
      },
      {
        "date" : 738867186.474116,
        "title" : "Untitled",
        "transform" : [
          0.99999994,
          0,
          -0,
          0,
          -0,
          0.8660254,
          -0.49999994,
          0,
          0,
          0.49999994,
          0.8660254,
          0,
          0,
          0.20873435,
          0.36153856,
          1
        ]
      }
    ],
    "27881FC7-5F5A-42DC-A11A-ECF0E7CAF394" : [
      {
        "date" : 737909377.745225,
        "title" : "Untitled",
        "transform" : [
          0.99999994,
          0,
          -0,
          0,
          -0,
          0.8660254,
          -0.49999994,
          0,
          0,
          0.49999994,
          0.8660254,
          0,
          -0.00015902518,
          0.018849015,
          0.0155181885,
          1
        ]
      },
      {
        "date" : 737498087.387575,
        "title" : "Untitled",
        "transform" : [
          0.99999994,
          0,
          0,
          0,
          0,
          0.8660254,
          -0.49999994,
          0,
          0,
          0.49999994,
          0.8660254,
          0,
          0,
          1.8159004,
          3.145232,
          1
        ]
      },
      {
        "date" : 737498056.073078,
        "title" : "Untitled",
        "transform" : [
          0.99999994,
          0,
          -0,
          0,
          -0,
          0.8660254,
          -0.49999994,
          0,
          0,
          0.49999994,
          0.8660254,
          0,
          0,
          0.1883445,
          0.32622224,
          1
        ]
      }
    ],
    "34756391-5CA3-419F-BBA8-85224330CCB4" : [
      {
        "date" : 738868571.867493,
        "title" : "Untitled",
        "transform" : [
          0.99999994,
          0,
          0,
          0,
          0,
          0.8660572,
          -0.49994484,
          0,
          0,
          0.49994484,
          0.8660572,
          0,
          0.095085815,
          0.815025,
          1.4189917,
          1
        ]
      },
      {
        "date" : 737981507.293436,
        "title" : "Untitled",
        "transform" : [
          0.99999994,
          0,
          0,
          0,
          0,
          0.8660572,
          -0.49994484,
          0,
          0,
          0.49994484,
          0.8660572,
          0,
          0.114247516,
          1.0266099,
          1.296851,
          1
        ]
      },
      {
        "date" : 737981452.294162,
        "title" : "Untitled",
        "transform" : [
          0.99999994,
          0,
          -0,
          0,
          -0,
          0.8660572,
          -0.49994484,
          0,
          0,
          0.49994484,
          0.8660572,
          0,
          0.007067874,
          0.5582709,
          1.567207,
          1
        ]
      },
      {
        "date" : 737927386.252696,
        "title" : "Untitled",
        "transform" : [
          0.99999994,
          0,
          0,
          0,
          0,
          0.8660572,
          -0.49994484,
          0,
          0,
          0.49994484,
          0.8660572,
          0,
          0.06968386,
          0.90633184,
          1.0903561,
          1
        ]
      },
      {
        "date" : 736279120.962902,
        "title" : "Untitled",
        "transform" : [
          0.99999994,
          0,
          -0,
          0,
          -0,
          0.8660572,
          -0.49994484,
          0,
          0,
          0.49994484,
          0.8660572,
          0,
          0.0070678582,
          2.112505,
          3.623864,
          1
        ]
      },
      {
        "date" : 736279116.193705,
        "title" : "Untitled",
        "transform" : [
          0.99999994,
          0,
          -0,
          0,
          -0,
          0.8660254,
          -0.49999988,
          0,
          0,
          0.49999988,
          0.8660254,
          0,
          0,
          0.13892795,
          0.24063027,
          1
        ]
      }
    ],
    "82157220-2411-4DC8-A626-BA61032C41F0" : [
      {
        "date" : 738287447.011505,
        "title" : "Untitled",
        "transform" : [
          0.9983044,
          0,
          -0.058209874,
          0,
          -0.029104939,
          0.8660253,
          -0.49915227,
          0,
          0.050411224,
          0.50000006,
          0.8645569,
          0,
          0.25601655,
          0.90215105,
          1.2978172,
          1
        ]
      },
      {
        "date" : 738157686.214993,
        "title" : "Untitled",
        "transform" : [
          0.9983044,
          0,
          -0.058209874,
          0,
          -0.029104939,
          0.8660253,
          -0.49915227,
          0,
          0.050411224,
          0.50000006,
          0.8645569,
          0,
          0.07995314,
          0.79300934,
          1.3712034,
          1
        ]
      },
      {
        "date" : 738157625.365045,
        "title" : "Untitled",
        "transform" : [
          0.9983044,
          0,
          -0.058209874,
          0,
          -0.029104939,
          0.8660253,
          -0.49915227,
          0,
          0.050411224,
          0.50000006,
          0.8645569,
          0,
          0.79412544,
          7.8764744,
          13.619321,
          1
        ]
      },
      {
        "date" : 738157623.531054,
        "title" : "Untitled",
        "transform" : [
          0.9995156,
          0,
          -0.031122902,
          0,
          -0.015561453,
          0.8660253,
          -0.49975786,
          0,
          0.026953222,
          0.50000006,
          0.86560583,
          0,
          0.7903793,
          14.662056,
          25.383121,
          1
        ]
      },
      {
        "date" : 738157590.377253,
        "title" : "Untitled",
        "transform" : [
          1,
          0,
          -0,
          0,
          -0,
          0.8660253,
          -0.50000006,
          0,
          0,
          0.50000006,
          0.8660253,
          0,
          0,
          0.27175212,
          0.47068846,
          1
        ]
      }
    ],
    "AF09ED6F-1707-48FD-8720-65B998362C09" : [
      {
        "date" : 739462836.296126,
        "title" : "Untitled",
        "transform" : [
          0.90325665,
          2.7651867e-08,
          -0.42910078,
          0,
          -0.13802163,
          0.9468575,
          -0.29053536,
          0,
          0.4062973,
          0.3216532,
          0.8552554,
          0,
          8.637563,
          18.707329,
          22.664753,
          1
        ]
      },
      {
        "date" : 735447988.257652,
        "title" : "Untitled",
        "transform" : [
          0.90325665,
          1.5701673e-08,
          -0.42910078,
          0,
          -0.13802168,
          0.9468576,
          -0.29053542,
          0,
          0.4062973,
          0.32165328,
          0.85525537,
          0,
          14.635734,
          14.08168,
          28.597515,
          1
        ]
      },
      {
        "date" : 735447985.989714,
        "title" : "Untitled",
        "transform" : [
          0.90325665,
          9.234748e-09,
          -0.42910078,
          0,
          -0.13802168,
          0.9468576,
          -0.29053545,
          0,
          0.4062973,
          0.3216533,
          0.85525537,
          0,
          14.61933,
          -31.758663,
          18.844933,
          1
        ]
      },
      {
        "date" : 735446728.629853,
        "title" : "Untitled",
        "transform" : [
          0.90325665,
          9.234748e-09,
          -0.42910078,
          0,
          -0.13802168,
          0.9468576,
          -0.29053545,
          0,
          0.4062973,
          0.3216533,
          0.85525537,
          0,
          14.63574,
          -3.8446722,
          28.59753,
          1
        ]
      },
      {
        "date" : 735446625.202935,
        "title" : "Untitled",
        "transform" : [
          0.90325665,
          3.9784426e-11,
          -0.42910078,
          0,
          -0.1380217,
          0.9468576,
          -0.2905355,
          0,
          0.40629733,
          0.3216533,
          0.8552553,
          0,
          19.782394,
          9.518333,
          25.542713,
          1
        ]
      },
      {
        "date" : 735446603.814112,
        "title" : "Untitled",
        "transform" : [
          0.90325665,
          3.9784426e-11,
          -0.42910078,
          0,
          -0.1380217,
          0.9468576,
          -0.2905355,
          0,
          0.40629733,
          0.3216533,
          0.8552553,
          0,
          15.946892,
          -3.6633682,
          32.322327,
          1
        ]
      },
      {
        "date" : 735446570.025513,
        "title" : "Untitled",
        "transform" : [
          0.90325665,
          3.9784426e-11,
          -0.42910078,
          0,
          -0.1380217,
          0.9468576,
          -0.2905355,
          0,
          0.40629733,
          0.3216533,
          0.8552553,
          0,
          17.50858,
          11.742813,
          25.786306,
          1
        ]
      },
      {
        "date" : 735446549.443354,
        "title" : "Untitled",
        "transform" : [
          0.90325665,
          3.9784426e-11,
          -0.42910078,
          0,
          -0.1380217,
          0.9468576,
          -0.2905355,
          0,
          0.40629733,
          0.3216533,
          0.8552553,
          0,
          11.6386175,
          13.134518,
          28.051477,
          1
        ]
      },
      {
        "date" : 733686264.812467,
        "title" : "Untitled",
        "transform" : [
          0.90325665,
          3.9784426e-11,
          -0.42910078,
          0,
          -0.1380217,
          0.9468576,
          -0.2905355,
          0,
          0.40629733,
          0.3216533,
          0.8552553,
          0,
          0.6758106,
          0.7626718,
          1.6288433,
          1
        ]
      },
      {
        "date" : 733522255.850385,
        "title" : "Untitled",
        "transform" : [
          0.9137559,
          6.625811e-13,
          -0.40626377,
          0,
          -0.13391073,
          0.9441154,
          -0.30118787,
          0,
          0.38355988,
          0.32961524,
          0.8626909,
          0,
          0.632025,
          0.777476,
          1.6393883,
          1
        ]
      }
    ],
    "B9DF4F5F-C3A4-4351-A9C0-E884CD48C42E" : [
      {
        "date" : 736186091.278416,
        "title" : "Untitled",
        "transform" : [
          1,
          0,
          -0,
          0,
          -0,
          0.8660249,
          -0.5000008,
          0,
          0,
          0.5000008,
          0.8660249,
          0,
          -0.00806403,
          2.0996952,
          3.6721542,
          1
        ]
      },
      {
        "date" : 736186080.703384,
        "title" : "Untitled",
        "transform" : [
          0.99999994,
          0,
          -0,
          0,
          -0,
          0.8660254,
          -0.49999994,
          0,
          0,
          0.49999994,
          0.8660254,
          0,
          0,
          0.14762928,
          0.25570142,
          1
        ]
      }
    ],
    "CA475F4D-4C66-4225-A68D-71454D988F66" : [
      {
        "date" : 738157099.0825,
        "title" : "Untitled",
        "transform" : [
          0.9967754,
          9.316414e-09,
          -0.08024166,
          0,
          -0.022044703,
