{
  "advancedEditorSelectedIdentifier" : "ProjectBrowser",
  "openSceneRelativePaths" : [
    "Immersive.usda"
  ],
  "recentIdentifiers" : {
    "AF09ED6F-1707-48FD-8720-65B998362C09" : [

    ]
  },
  "sceneCameraHistory" : {
    "AF09ED6F-1707-48FD-8720-65B998362C09" : [
      {
        "date" : 731793191.361477,
        "title" : "Untitled",
        "transform" : [
          0.9880343,
          7.501638e-09,
          -0.15423408,
          0,
          -0.02973704,
          0.98123723,
          -0.19049758,
          0,
          0.1513402,
          0.19280462,
          0.96949595,
          0,
          0.5534551,
          1.0811888,
          2.395524,
          1
        ]
      },
      {
        "date" : 731793141.394918,
        "title" : "Untitled",
        "transform" : [
          0.9880343,
          7.501638e-09,
          -0.15423408,
          0,
          -0.02973704,
          0.98123723,
          -0.19049758,
          0,
          0.1513402,
          0.19280462,
          0.96949595,
          0,
          -1.5997138,
          0.4605369,
          1.3415666,
          1
        ]
      },
      {
        "date" : 731793136.878,
        "title" : "Untitled",
        "transform" : [
          0.9918624,
          7.501638e-09,
          -0.12731458,
          0,
          -0.024546837,
          0.98123723,
          -0.19123565,
          0,
          0.12492578,
          0.19280462,
          0.9732522,
          0,
          -1.8183198,
          0.38529882,
          0.19138223,
          1
        ]
      },
      {
        "date" : 731792962.628438,
        "title" : "Untitled",
        "transform" : [
          0.9918624,
          7.501638e-09,
          -0.12731458,
          0,
          -0.024546837,
          0.98123723,
          -0.19123565,
          0,
          0.12492578,
          0.19280462,
          0.9732522,
          0,
          0.40662777,
          0.8274022,
          3.144089,
          1
        ]
      },
      {
        "date" : 731792954.719085,
        "title" : "Untitled",
        "transform" : [
          0.9450319,
          7.060164e-09,
          0.32697845,
          0,
          0.039879173,
          0.99253476,
          -0.11525865,
          0,
          -0.32453743,
          0.12196273,
          0.93797684,
          0,
          -0.8505799,
          0.24445759,
          2.050335,
          1
        ]
      },
      {
        "date" : 731792929.791742,
        "title" : "Untitled",
        "transform" : [
          0.9837596,
          8.065931e-09,
          0.17949142,
          0,
          0.038714044,
          0.9764625,
          -0.21218461,
          0,
          -0.17526664,
          0.21568748,
          0.96060425,
          0,
          -0.52298576,
          0.45381624,
          2.1231241,
          1
        ]
      },
      {
        "date" : 731792919.777866,
        "title" : "Untitled",
        "transform" : [
          0.9837596,
          7.582357e-09,
          0.17949145,
          0,
          0.03871405,
          0.9764624,
          -0.21218462,
          0,
          -0.1752667,
          0.21568748,
          0.96060425,
          0,
          -0.3331383,
          0.4878681,
          2.915524,
          1
        ]
      },
      {
        "date" : 731792917.177757,
        "title" : "Untitled",
        "transform" : [
          0.9822644,
          7.582357e-09,
          0.18750127,
          0,
          0.04044167,
          0.9764624,
          -0.21186213,
          0,
          -0.18308796,
          0.21568748,
          0.95914423,
          0,
          -0.97663736,
          1.3350872,
          7.970854,
          1
        ]
      },
      {
        "date" : 731349368.954882,
        "title" : "Untitled",
        "transform" : [
          0.9822644,
          7.582357e-09,
          0.18750127,
          0,
          0.04044167,
          0.9764624,
          -0.21186213,
          0,
          -0.18308796,
          0.21568748,
          0.95914423,
          0,
          -0.018287744,
          0.024999794,
          0.14925595,
          1
        ]
      },
      {
        "date" : 731349356.055228,
        "title" : "Untitled",
        "transform" : [
          0.9036562,
          7.582357e-09,
          0.42825866,
          0,
          0.092370026,
          0.9764624,
          -0.19490734,
          0,
          -0.4181785,
          0.21568748,
          0.8823863,
          0,
          -0.055198275,
          0.024999794,
          0.13987468,
          1
        ]
      }
    ]
  }
}