{
  "advancedEditorSelectedIdentifier" : "ProjectBrowser",
  "openSceneRelativePaths" : [
    "Immersive.usda"
  ],
  "recentIdentifiers" : {
    "AF09ED6F-1707-48FD-8720-65B998362C09" : [

    ]
  },
  "sceneCameraHistory" : {
    "AF09ED6F-1707-48FD-8720-65B998362C09" : [
      {
        "date" : 732372985.944776,
        "title" : "Untitled",
        "transform" : [
          0.9877616,
          3.9605683e-09,
          0.15597142,
          0,
          -0.03282446,
          0.97760427,
          0.20787622,
          0,
          -0.15247835,
          -0.2104518,
          0.96563995,
          0,
          -0.26432076,
          0.17367208,
          1.8448416,
          1
        ]
      },
      {
        "date" : 732372968.70122,
        "title" : "Untitled",
        "transform" : [
          0.101436794,
          8.772101e-09,
          -0.994842,
          0,
          -0.2032258,
          0.97891265,
          -0.020721458,
          0,
          0.97386336,
          0.2042795,
          0.099297784,
          0,
          2.434298,
          1.086792,
          0.22141273,
          1
        ]
      },
      {
        "date" : 732372955.186316,
        "title" : "Untitled",
        "transform" : [
          -0.2722469,
          8.731883e-09,
          -0.9622274,
          0,
          -0.055089075,
          0.99835986,
          0.015586574,
          0,
          0.9606491,
          0.05725163,
          -0.27180034,
          0,
          2.4734201,
          0.7133422,
          -0.7275179,
          1
        ]
      },
      {
        "date" : 732372933.194352,
        "title" : "Untitled",
        "transform" : [
          0.9880343,
          7.501638e-09,
          -0.15423408,
          0,
          -0.02973704,
          0.98123723,
          -0.19049758,
          0,
          0.1513402,
          0.19280462,
          0.96949595,
          0,
          0.17263585,
          0.10833335,
          2.648443,
          1
        ]
      },
      {
        "date" : 732372928.026778,
        "title" : "Untitled",
        "transform" : [
          0.9880343,
          7.501638e-09,
          -0.15423408,
          0,
          -0.02973704,
          0.98123723,
          -0.19049758,
          0,
          0.1513402,
          0.19280462,
          0.96949595,
          0,
          0.91179574,
          2.7211246,
          2.0134504,
          1
        ]
      },
      {
        "date" : 731793191.361477,
        "title" : "Untitled",
        "transform" : [
          0.9880343,
          7.501638e-09,
          -0.15423408,
          0,
          -0.02973704,
          0.98123723,
          -0.19049758,
          0,
          0.1513402,
          0.19280462,
          0.96949595,
          0,
          0.5534551,
          1.0811888,
          2.395524,
          1
        ]
      },
      {
        "date" : 731793141.394918,
        "title" : "Untitled",
        "transform" : [
          0.9880343,
          7.501638e-09,
          -0.15423408,
          0,
          -0.02973704,
          0.98123723,
          -0.19049758,
          0,
          0.1513402,
          0.19280462,
          0.96949595,
          0,
          -1.5997138,
          0.4605369,
          1.3415666,
          1
        ]
      },
      {
        "date" : 731793136.878,
        "title" : "Untitled",
        "transform" : [
          0.9918624,
          7.501638e-09,
          -0.12731458,
          0,
          -0.024546837,
          0.98123723,
          -0.19123565,
          0,
          0.12492578,
          0.19280462,
          0.9732522,
          0,
          -1.8183198,
          0.38529882,
          0.19138223,
          1
        ]
      },
      {
        "date" : 731792962.628438,
        "title" : "Untitled",
        "transform" : [
          0.9918624,
          7.501638e-09,
          -0.12731458,
          0,
          -0.024546837,
          0.98123723,
          -0.19123565,
          0,
          0.12492578,
          0.19280462,
          0.9732522,
          0,
          0.40662777,
          0.8274022,
          3.144089,
          1
        ]
      },
      {
        "date" : 731792954.719085,
        "title" : "Untitled",
        "transform" : [
          0.9450319,
          7.060164e-09,
          0.32697845,
          0,
          0.039879173,
          0.99253476,
          -0.11525865,
          0,
          -0.32453743,
          0.12196273,
          0.93797684,
          0,
          -0.8505799,
          0.24445759,
          2.050335,
          1
        ]
      }
    ]
  }
}